N = 4 000 000 & k = 1
0.165745
0.120120
0.119083
0.132218
0.121572
0.118667
0.118873
0.128286
0.122080
0.122950
0.123033
0.122665
0.122546
0.125533
0.119200
0.119752
0.117719
0.119883
0.118214
0.129644
N = 4 000 000 & k = 2
0.112107
0.092087
0.083861
0.083507
0.090000
0.083477
0.084215
0.083067
0.083564
0.083504
0.084208
0.083794
0.095954
0.083292
0.085461
0.083577
0.083831
0.084198
0.084634
0.091387
N = 4 000 000 & k = 3
0.099851
0.094832
0.086392
0.072366
0.071879
0.075983
0.071800
0.074272
0.075488
0.076323
0.074009
0.071449
0.075103
0.071352
0.076105
0.071889
0.071213
0.073903
0.072165
0.075882
N = 4 000 000 & k = 4
0.094496
0.093880
0.082136
0.068530
0.068345
0.068698
0.062812
0.075139
0.077840
0.071711
0.080728
0.087159
0.063868
0.075351
0.072979
0.072268
0.068511
0.068103
0.068455
0.066747
N = 4 000 000 & k = 5
0.095772
0.066614
0.063485
0.065969
0.065092
0.066085
0.066945
0.064626
0.065018
0.065214
0.066019
0.065083
0.065279
0.064252
0.064714
0.065642
0.064132
0.064373
0.064342
0.065119
N = 4 000 000 & k = 6
0.088419
0.061826
0.060924
0.061430
0.063056
0.062148
0.061521
0.063485
0.062160
0.063074
0.062524
0.061630
0.062985
0.061949
0.064109
0.062269
0.061698
0.063322
0.062266
0.062654
N = 4 000 000 & k = 7
0.084844
0.060744
0.060811
0.062353
0.062295
0.061031
0.081813
0.054950
0.069874
0.069628
0.065128
0.063605
0.060720
0.061523
0.060415
0.061120
0.062873
0.073722
0.069890
0.073945
